71
3
6
67
74
74
74
74
74
74
74
74
74
74
74
70
69
5
65
68
67
74
74
74
74
74
74
74
74
74
74
76
73
64
68
5
69
67
74
74
74
74
74
74
74
74
70
7
3
12
69
5
69
69
67
74
74
74
74
74
74
74
76
5
65
74
76
5
69
69
73
74
74
74
74
74
74
74
66
4
65
10
10
12
69
69
67
74
74
74
74
70
67
74
68
5
69
67
66
74
76
69
65
74
74
70
3
72
64
2
0
4
69
5
73
74
74
76
13
3
6
65
8
10
8
8
8
12
69
65
74
74
74
70
71
9
68
65
74
74
74
70
71
71
69
73
74
74
70
65
64
78
73
76
67
74
74
76
69
69
65
74
74
70
69
5
73
66
78
71
73
74
74
70
69
69
1
2
6
69
69
1
2
72
66
76
67
74
74
76
69
69
1
0
4
69
69
1
0
2
64
70
73
74
74
74
68
69
1
0
4
69
69
9
8
8
12
73
74
74
74
74
76
69
1
0
0
68
73
74
74
74
74
74
74
74
74
74
74
68
9
8
12
73
74
74
74
74
74
74
74
74
74
74
74
76
