71
71
71
67
74
74
74
74
74
74
74
74
74
74
74
70
69
69
65
68
67
74
74
74
74
74
74
74
74
74
74
76
73
64
68
69
69
67
74
74
74
74
74
74
74
74
70
71
67
76
69
69
69
69
67
74
74
74
74
74
74
74
76
69
65
74
76
69
69
69
73
74
74
74
74
74
74
74
66
68
65
74
74
76
69
69
67
74
74
74
74
70
67
74
68
69
69
67
66
74
76
69
65
74
74
70
67
72
64
74
68
69
69
69
73
74
74
76
77
67
70
65
72
74
72
74
72
76
69
65
74
74
74
70
71
73
68
65
74
74
74
70
71
71
69
73
74
74
70
65
64
78
73
76
67
74
74
76
69
69
65
74
74
70
69
69
73
66
78
71
73
74
74
70
69
69
65
74
70
69
69
65
74
72
66
76
67
74
74
76
69
69
73
70
69
69
69
73
74
74
64
70
73
74
74
74
68
69
67
64
68
69
69
75
74
74
76
73
74
74
74
74
76
69
69
69
65
68
73
74
74
74
74
74
74
74
74
74
74
68
77
77
77
73
74
74
74
74
74
74
74
74
74
74
74
76
