84
81
80
77
76
75
74
73
72
71
70
69
68
67
66
65
83
82
79
78
53
54
55
56
57
58
59
60
61
62
63
64
82
81
80
79
52
39
38
37
36
35
34
33
32
31
30
15
83
82
81
80
51
40
21
22
23
24
25
26
27
28
29
14
84
83
82
81
50
41
20
19
18
17
16
15
14
13
12
13
85
84
83
82
49
42
9
10
11
10
9
8
9
10
11
12
86
45
46
47
48
43
8
7
6
5
6
7
8
9
10
11
87
44
47
46
45
44
9
2
1
4
5
6
7
8
9
10
86
43
42
41
40
39
38
1
0
3
4
5
6
7
28
69
85
44
45
46
47
38
37
38
1
2
11
10
9
8
27
68
84
83
82
81
48
37
36
35
36
35
12
13
14
15
26
67
83
82
81
80
49
36
35
34
33
34
19
18
17
16
25
66
82
81
80
79
50
35
34
33
32
31
20
21
22
23
24
65
81
80
79
78
51
36
35
34
33
30
29
28
27
26
25
64
80
79
78
77
52
53
54
55
56
57
58
59
60
61
62
63
81
80
79
76
75
74
73
72
71
70
69
68
67
66
65
64
